cam0=[1349.525 0 288.423; 0 1349.525 244.5; 0 0 1]
cam1=[1349.525 0 335.985; 0 1349.525 244.5; 0 0 1]
doffs=47.561
baseline=176.506
width=738
height=497
ndisp=60
isint=0
vmin=13
vmax=52
dyavg=0.112
dymax=0.319
