cam0=[589.249 0 313.055; 0 589.249 233.89; 0 0 1]
cam1=[589.249 0 331.435; 0 589.249 233.89; 0 0 1]
doffs=18.381
baseline=172.931
width=690
height=468
ndisp=113
