cam0=[7227.017 0 956.951; 0 7227.017 1013.886; 0 0 1]
cam1=[7227.017 0 1463.371; 0 7227.017 1013.886; 0 0 1]
doffs=506.42
baseline=383.905
width=2884
height=1992
ndisp=410
