cam0=[935 0 136; 0 935 138; 0 0 1]
cam1=[935 0 196; 0 935 138; 0 0 1]
doffs=60
baseline=160
width=332
height=277
ndisp=64
