cam0=[2259.366 0 422.984; 0 2259.366 477.53; 0 0 1]
cam1=[2259.366 0 682.475; 0 2259.366 477.53; 0 0 1]
doffs=259.49
baseline=258.3
width=1430
height=984
ndisp=145
