cam0=[585.489 0 285.413; 0 585.489 234.124; 0 0 1]
cam1=[585.489 0 312.353; 0 585.489 234.124; 0 0 1]
doffs=26.94
baseline=193.006
width=680
height=463
ndisp=73
isint=0
vmin=6
vmax=68
dyavg=0.24
dymax=0.666
