cam0=[2356.997 0 1252.22; 0 2356.997 935.561; 0 0 1]
cam1=[2356.997 0 1325.742; 0 2356.997 935.561; 0 0 1]
doffs=73.522
baseline=172.931
width=2760
height=1872
ndisp=450
