cam0=[6442.041 0 -231.681; 0 6442.041 913.679; 0 0 1]
cam1=[6442.041 0 -22.83; 0 6442.041 913.679; 0 0 1]
doffs=208.851
baseline=185.551
width=2968
height=1984
ndisp=320
