cam0=[1178.498 0 626.11; 0 1178.498 467.781; 0 0 1]
cam1=[1178.498 0 662.871; 0 1178.498 467.781; 0 0 1]
doffs=36.761
baseline=172.931
width=1380
height=936
ndisp=225
