cam0=[992.854 0 263.061; 0 992.854 239.773; 0 0 1]
cam1=[992.854 0 299.693; 0 992.854 239.773; 0 0 1]
doffs=36.633
baseline=195.187
width=722
height=480
ndisp=190
isint=0
vmin=8
vmax=181
dyavg=0.064
dymax=0.346
