cam0=[3740 0 545; 0 3740 555; 0 0 1]
cam1=[3740 0 785; 0 3740 555; 0 0 1]
doffs=240
baseline=160
width=1328
height=1108
ndisp=256
