cam0=[1979.773 0 785.885; 0 1979.773 486.442; 0 0 1]
cam1=[1979.773 0 824.548; 0 1979.773 486.442; 0 0 1]
doffs=38.663
baseline=236.922
width=1470
height=970
ndisp=150
isint=0
vmin=13
vmax=138
dyavg=0.647
dymax=2.595
