cam0=[1164.779 0 570.726; 0 1164.779 463.526; 0 0 1]
cam1=[1164.779 0 620.865; 0 1164.779 463.526; 0 0 1]
doffs=50.139
baseline=193.006
width=1362
height=924
ndisp=145
isint=0
vmin=13
vmax=135
dyavg=0
dymax=0
