cam0=[3613.508 0 478.476; 0 3613.508 506.943; 0 0 1]
cam1=[3613.508 0 731.686; 0 3613.508 506.943; 0 0 1]
doffs=253.21
baseline=383.905
width=1442
height=996
ndisp=205
