cam0=[989.087 0 224.787; 0 989.087 237.567; 0 0 1]
cam1=[989.087 0 253.722; 0 989.087 237.567; 0 0 1]
doffs=28.935
baseline=196.054
width=720
height=474
ndisp=200
