cam0=[2009.642 0 646.067; 0 2009.642 481.797; 0 0 1]
cam1=[2009.642 0 785.659; 0 2009.642 481.797; 0 0 1]
doffs=139.592
baseline=342.789
width=1398
height=952
ndisp=165
isint=0
vmin=15
vmax=151
dyavg=0.136
dymax=0.435
