cam0=[1978.175 0 449.575; 0 1978.175 475.135; 0 0 1]
cam1=[1978.175 0 507.445; 0 1978.175 475.135; 0 0 1]
doffs=57.87
baseline=196.054
width=1440
height=948
ndisp=400
