cam0=[6501.631 0 797.379; 0 6501.631 960.659; 0 0 1]
cam1=[6501.631 0 1137.457; 0 6501.631 960.659; 0 0 1]
doffs=340.078
baseline=169.843
width=2840
height=1984
ndisp=320
