cam0=[1806.754 0 239.238; 0 1806.754 253.471; 0 0 1]
cam1=[1806.754 0 365.843; 0 1806.754 253.471; 0 0 1]
doffs=126.605
baseline=383.905
width=721
height=498
ndisp=103
