cam0=[1129.683 0 211.492; 0 1129.683 238.765; 0 0 1]
cam1=[1129.683 0 341.237; 0 1129.683 238.765; 0 0 1]
doffs=129.745
baseline=258.3
width=715
height=492
ndisp=73
