cam0=[1998.842 0 588.364; 0 1998.842 505.864; 0 0 1]
cam1=[1998.842 0 653.919; 0 1998.842 505.864; 0 0 1]
doffs=65.555
baseline=193.001
width=1482
height=994
ndisp=140
isint=0
vmin=15
vmax=129
dyavg=0.459
dymax=0.758
