cam0=[998.834 0 327.302; 0 998.834 245.534; 0 0 1]
cam1=[998.834 0 368.275; 0 998.834 245.534; 0 0 1]
doffs=40.973
baseline=203.047
width=701
height=487
ndisp=143
