cam0=[3250.816 0 398.69; 0 3250.816 480.329; 0 0 1]
cam1=[3250.816 0 568.729; 0 3250.816 480.329; 0 0 1]
doffs=170.039
baseline=169.843
width=1420
height=992
ndisp=160
