cam0=[1493.55 0 653.67; 0 1493.55 479.445; 0 0 1]
cam1=[1493.55 0 741.895; 0 1493.55 479.445; 0 0 1]
doffs=88.225
baseline=178.232
width=1440
height=972
ndisp=130
isint=0
vmin=16
vmax=114
dyavg=0.197
dymax=0.733
