cam0=[746.775 0 326.835; 0 746.775 239.722; 0 0 1]
cam1=[746.775 0 370.947; 0 746.775 239.722; 0 0 1]
doffs=44.112
baseline=178.232
width=720
height=486
ndisp=65
isint=0
vmin=8
vmax=57
dyavg=0.099
dymax=0.366
