cam0=[980.198 0 254.151; 0 980.198 240.842; 0 0 1]
cam1=[980.198 0 282.947; 0 980.198 240.842; 0 0 1]
doffs=28.797
baseline=237.604
width=750
height=474
ndisp=153
