cam0=[1625.408 0 199.345; 0 1625.408 240.165; 0 0 1]
cam1=[1625.408 0 284.364; 0 1625.408 240.165; 0 0 1]
doffs=85.019
baseline=169.843
width=710
height=496
ndisp=80
