cam0=[582.389 0 285.363; 0 582.389 231.763; 0 0 1]
cam1=[582.389 0 310.433; 0 582.389 231.763; 0 0 1]
doffs=25.07
baseline=193.006
width=681
height=462
ndisp=73
isint=0
vmin=6
vmax=68
dyavg=0
dymax=0
