cam0=[1996.024 0 506.502; 0 1996.024 479.192; 0 0 1]
cam1=[1996.024 0 556.401; 0 1996.024 479.192; 0 0 1]
doffs=49.898
baseline=196.054
width=1440
height=958
ndisp=400
