cam0=[974.085 0 266.209; 0 974.085 244.114; 0 0 1]
cam1=[974.085 0 307.175; 0 974.085 244.114; 0 0 1]
doffs=40.966
baseline=173.557
width=713
height=488
ndisp=63
