cam0=[863.722 0 323.161; 0 863.722 245.415; 0 0 1]
cam1=[863.722 0 344.245; 0 863.722 245.415; 0 0 1]
doffs=21.084
baseline=172.013
width=719
height=494
ndisp=80
