cam0=[1870 0 272; 0 1870 277; 0 0 1]
cam1=[1870 0 392; 0 1870 277; 0 0 1]
doffs=120
baseline=160
width=664
height=554
ndisp=128
