cam0=[3454.888 0 1292.646; 0 3454.888 981.661; 0 0 1]
cam1=[3454.888 0 1376.98; 0 3454.888 981.661; 0 0 1]
doffs=84.334
baseline=172.013
width=2876
height=1976
ndisp=320
