cam0=[1727.444 0 646.323; 0 1727.444 490.83; 0 0 1]
cam1=[1727.444 0 688.49; 0 1727.444 490.83; 0 0 1]
doffs=42.167
baseline=172.013
width=1438
height=988
ndisp=160
