cam0=[1038.018 0 322.037; 0 1038.018 243.393; 0 0 1]
cam1=[1038.018 0 375.308; 0 1038.018 243.393; 0 0 1]
doffs=53.271
baseline=176.252
width=718
height=496
ndisp=73
isint=0
vmin=8
vmax=65
dyavg=0.184
dymax=0.423
