cam0=[1133.249 0 198.164; 0 1133.249 241.995; 0 0 1]
cam1=[1133.249 0 319.909; 0 1133.249 241.995; 0 0 1]
doffs=121.745
baseline=258.3
width=717
height=492
ndisp=73
