cam0=[2266.499 0 396.328; 0 2266.499 483.99; 0 0 1]
cam1=[2266.499 0 639.817; 0 2266.499 483.99; 0 0 1]
doffs=243.489
baseline=258.3
width=1434
height=984
ndisp=145
