cam0=[3956.349 0 899.149; 0 3956.349 950.269; 0 0 1]
cam1=[3956.349 0 1014.889; 0 3956.349 950.269; 0 0 1]
doffs=115.74
baseline=196.054
width=2880
height=1896
ndisp=800
