cam0=[1823.297 0 226.653; 0 1823.297 244.689; 0 0 1]
cam1=[1823.297 0 427.697; 0 1823.297 244.689; 0 0 1]
doffs=201.044
baseline=380.135
width=659
height=497
ndisp=160
isint=0
vmin=5
vmax=149
dyavg=0.04
dymax=0.357
