cam0=[3646.594 0 453.305; 0 3646.594 489.378; 0 0 1]
cam1=[3646.594 0 855.393; 0 3646.594 489.378; 0 0 1]
doffs=402.087
baseline=380.135
width=1318
height=994
ndisp=320
isint=0
vmin=11
vmax=298
dyavg=0.079
dymax=0.715
