cam0=[2699.05 0 576.847; 0 2699.05 489; 0 0 1]
cam1=[2699.05 0 671.969; 0 2699.05 489; 0 0 1]
doffs=95.122
baseline=176.506
width=1476
height=994
ndisp=120
isint=0
vmin=26
vmax=103
dyavg=0.224
dymax=0.638
