cam0=[1170.977 0 570.826; 0 1170.977 468.247; 0 0 1]
cam1=[1170.977 0 624.706; 0 1170.977 468.247; 0 0 1]
doffs=53.88
baseline=193.006
width=1360
height=926
ndisp=145
isint=0
vmin=13
vmax=136
dyavg=0.481
dymax=1.333
