cam0=[1997.668 0 654.604; 0 1997.668 491.067; 0 0 1]
cam1=[1997.668 0 736.55; 0 1997.668 491.067; 0 0 1]
doffs=81.946
baseline=203.047
width=1402
height=974
ndisp=285
