cam0=[713.189 0 356.021; 0 713.189 238.263; 0 0 1]
cam1=[713.189 0 387.361; 0 713.189 238.263; 0 0 1]
doffs=31.34
baseline=178.089
width=707
height=481
ndisp=65
isint=0
vmin=9
vmax=55
dyavg=0.102
dymax=0.481
