cam0=[3896.34 0 1064.836; 0 3896.34 976.456; 0 0 1]
cam1=[3896.34 0 1228.699; 0 3896.34 976.456; 0 0 1]
doffs=163.863
baseline=173.557
width=2852
height=1952
ndisp=250
