cam0=[989.886 0 392.942; 0 989.886 243.221; 0 0 1]
cam1=[989.886 0 412.274; 0 989.886 243.221; 0 0 1]
doffs=19.331
baseline=236.922
width=735
height=485
ndisp=75
isint=0
vmin=6
vmax=69
dyavg=0.324
dymax=1.298
