cam0=[998.012 0 253.251; 0 998.012 239.596; 0 0 1]
cam1=[998.012 0 278.2; 0 998.012 239.596; 0 0 1]
doffs=24.949
baseline=196.054
width=720
height=479
ndisp=200
