cam0=[3221.021 0 -115.841; 0 3221.021 456.839; 0 0 1]
cam1=[3221.021 0 -11.415; 0 3221.021 456.839; 0 0 1]
doffs=104.425
baseline=185.551
width=1484
height=992
ndisp=160
