cam0=[1960.397 0 508.301; 0 1960.397 481.683; 0 0 1]
cam1=[1960.397 0 565.894; 0 1960.397 481.683; 0 0 1]
doffs=57.593
baseline=237.604
width=1500
height=948
ndisp=305
