cam0=[1004.821 0 323.033; 0 1004.821 240.899; 0 0 1]
cam1=[1004.821 0 392.829; 0 1004.821 240.899; 0 0 1]
doffs=69.796
baseline=342.789
width=699
height=476
ndisp=83
isint=0
vmin=7
vmax=76
dyavg=0.068
dymax=0.217
