cam0=[1985.707 0 526.121; 0 1985.707 479.546; 0 0 1]
cam1=[1985.707 0 599.386; 0 1985.707 479.546; 0 0 1]
doffs=73.265
baseline=195.187
width=1444
height=960
ndisp=380
isint=0
vmin=17
vmax=362
dyavg=0.127
dymax=0.692
