cam0=[1610.51 0 -57.92; 0 1610.51 228.42; 0 0 1]
cam1=[1610.51 0 -5.707; 0 1610.51 228.42; 0 0 1]
doffs=52.213
baseline=185.551
width=742
height=496
ndisp=80
