cam0=[4532.997 0 792.656; 0 4532.997 967.98; 0 0 1]
cam1=[4532.997 0 1279.634; 0 4532.997 967.98; 0 0 1]
doffs=486.978
baseline=258.3
width=2868
height=1968
ndisp=290
