cam0=[3995.335 0 1309.208; 0 3995.335 982.134; 0 0 1]
cam1=[3995.335 0 1473.1; 0 3995.335 982.134; 0 0 1]
doffs=163.892
baseline=203.047
width=2804
height=1948
ndisp=570
