cam0=[4518.732 0 845.968; 0 4518.732 955.06; 0 0 1]
cam1=[4518.732 0 1364.949; 0 4518.732 955.06; 0 0 1]
doffs=518.981
baseline=258.3
width=2860
height=1968
ndisp=290
